500
220 392 979 832 728 157 539 839 444 408 
769 196 399 559 153 452 215 34 601 537 
725 499 200 221 413 196 13 982 747 364 
107 221 289 821 426 850 237 301 161 175 
175 566 655 311 336 444 730 851 454 131 
334 81 373 67 831 250 8 777 802 918 
164 459 109 527 341 175 247 998 905 176 
810 325 475 567 589 938 891 538 158 741 
216 659 581 839 655 264 267 95 37 794 
73 650 744 180 797 741 236 890 672 634 
922 755 27 141 331 757 967 34 114 748 
483 757 23 766 960 638 159 510 833 719 
585 739 990 371 364 428 800 228 372 810 
551 225 859 746 78 915 292 389 56 194 
898 118 668 648 71 176 724 994 394 481 
708 23 111 39 525 534 354 766 881 288 
342 891 489 679 552 31 874 850 25 195 
502 6 264 309 678 762 693 325 261 607 
666 974 992 330 533 540 10 312 344 334 
916 661 537 808 953 528 860 353 96 974 
375 459 435 18 518 36 308 606 829 608 
142 457 476 641 89 245 4 372 96 347 
840 913 981 606 183 367 773 216 501 785 
125 445 385 505 443 554 410 984 482 897 
274 47 5 269 4 717 68 444 586 525 
412 973 759 370 537 199 196 346 263 540 
110 237 646 881 468 497 852 907 558 308 
172 103 361 300 788 741 743 918 228 946 
19 801 866 249 458 94 315 630 725 431 
628 783 379 377 390 727 779 431 728 559 
416 444 487 643 637 213 160 855 759 920 
405 564 322 885 758 467 891 696 119 357 
141 648 808 469 720 111 458 306 795 846 
36 252 322 637 749 290 923 412 484 662 
754 824 244 886 692 389 131 592 856 277 
810 849 785 298 894 402 817 686 885 423 
264 844 460 21 626 162 437 760 198 678 
438 486 210 386 36 139 852 949 879 698 
668 552 14 605 749 449 884 266 130 255 
26 418 373 651 892 486 306 48 232 264 
91 959 464 91 173 177 585 592 127 65 
12 463 202 781 26 222 876 569 756 329 
751 672 656 782 518 313 127 707 664 434 
348 551 493 379 231 554 877 849 807 961 
376 749 999 946 80 617 607 336 690 318 
595 947 916 877 0 512 288 816 227 825 
455 300 260 256 609 430 223 973 360 343 
723 281 708 637 491 663 873 807 451 310 
189 532 980 117 221 425 424 964 879 989 
842 306 146 19 708 689 946 100 36 18 
